-21.75 -667.58 -657.72
-23.78 -674.83 -661.49
-24.36 -671.06 -663.52
-23.2 -673.67 -666.42
-26.39 -669.9 -659.75
-28.71 -670.19 -666.71
-24.36 -669.9 -658.59
-30.74 -670.19 -662.94
-25.52 -670.48 -667.87
-24.07 -673.67 -664.39
-24.07 -669.61 -658.3
-20.01 -669.03 -653.08
-23.2 -672.51 -658.88
-25.52 -672.22 -657.72
-23.2 -675.99 -659.46
-21.75 -674.25 -659.46
-17.69 -681.5 -656.85
-17.11 -678.31 -658.88
-18.27 -680.05 -657.14
-21.46 -675.12 -656.85
-20.88 -681.5 -653.66
-20.01 -677.15 -657.14
-25.52 -677.73 -658.59
-21.17 -681.5 -655.11
-22.33 -679.76 -654.53
-26.68 -673.67 -654.53
-29.58 -671.64 -656.56
-26.97 -674.25 -662.65
-27.55 -672.8 -653.37
-30.45 -676.28 -656.27
-29.87 -669.03 -655.11
-37.12 -671.64 -657.14
-36.25 -668.45 -662.65
-38.57 -664.39 -665.26
-38.28 -659.75 -660.91
-39.15 -662.36 -657.72
-40.6 -663.23 -661.49
-37.7 -665.84 -658.3
-41.18 -663.81 -662.07
-38.86 -665.55 -653.66
-37.7 -665.26 -665.84
-37.12 -655.11 -671.06
-37.7 -653.66 -662.36
-38.28 -661.49 -666.42
-42.63 -658.01 -663.23
-41.76 -662.94 -655.98
-48.43 -664.68 -651.34
-49.3 -669.61 -647.86
-51.33 -675.99 -645.83
-58.87 -671.64 -638.29
-77.43 -673.96 -638.29
-86.42 -676.28 -631.04
-95.41 -676.28 -619.73
-105.56 -672.51 -608.42
-120.93 -680.63 -593.05
-133.11 -690.2 -565.79
-144.42 -697.16 -546.36
-150.22 -693.1 -542.01
-151.38 -700.35 -538.24
-148.19 -694.26 -556.51
-134.27 -691.65 -575.07
-130.5 -675.7 -599.14
-116.58 -658.01 -626.69
-126.44 -643.22 -643.22
-130.79 -630.17 -649.6
-133.11 -620.6 -642.93
-131.95 -612.48 -659.75
-132.53 -593.92 -671.93
-131.95 -583.19 -672.8
-133.69 -579.42 -687.3
-135.43 -581.45 -680.34
-128.47 -580 -684.4
-131.08 -580.29 -680.05
-134.56 -584.64 -668.74
-128.76 -588.41 -676.86
-134.85 -594.21 -666.42
-139.2 -599.72 -657.72
-139.2 -611.03 -656.27
-138.62 -617.7 -651.34
-138.04 -617.99 -646.41
-138.91 -625.53 -646.99
-144.71 -629.01 -638.29
-140.07 -625.82 -635.97
-148.77 -619.15 -638
-147.03 -620.6 -635.97
-151.96 -618.28 -649.02
-158.05 -608.13 -640.9
-160.95 -602.62 -639.45
-162.11 -600.88 -640.61
-165.59 -601.17 -643.22
-158.05 -596.53 -643.8
-155.44 -596.82 -652.79
-158.05 -591.02 -654.24
-167.33 -582.03 -653.95
-166.75 -588.12 -657.14
-158.34 -589.28 -660.33
-158.63 -595.08 -652.5
-150.51 -602.04 -653.66
-141.81 -604.65 -663.52
-139.78 -607.84 -664.97
-134.27 -609 -660.33
-130.5 -610.16 -657.72
-123.83 -618.28 -660.04
-112.23 -626.4 -656.56
-114.55 -628.43 -662.07
-107.59 -643.51 -645.25
-106.43 -650.47 -631.62
-107.3 -659.17 -631.04
-98.6 -658.88 -641.19
-98.6 -657.72 -634.81
-110.78 -653.37 -630.17
-118.61 -649.6 -627.56
-125.86 -651.63 -629.59
-136.59 -643.8 -623.5
-141.52 -641.19 -631.04
-143.84 -634.23 -629.88
-144.13 -634.81 -633.36
-138.33 -629.3 -639.74
-131.37 -632.49 -645.25
-121.8 -632.2 -656.56
-118.03 -633.65 -661.49
-114.55 -642.93 -655.4
-118.9 -652.79 -628.14
-125.57 -659.46 -622.63
-129.92 -659.46 -610.16
-135.72 -661.78 -609.29
-138.33 -668.16 -598.85
-138.62 -674.83 -591.6
-136.01 -669.9 -587.83
-135.14 -674.25 -588.41
-130.21 -671.35 -590.44
-123.54 -677.44 -591.02
-113.1 -675.41 -607.26
-102.95 -679.47 -608.42
-87 -676.57 -621.47
-70.18 -671.64 -633.94
-46.69 -667.29 -651.05
-15.95 -667.58 -661.2
-3.19 -661.2 -667.58
14.79 -655.11 -668.74
26.68 -653.08 -674.54
37.12 -648.15 -671.06
48.43 -646.7 -681.79
64.09 -641.19 -682.08
79.46 -640.61 -682.37
89.32 -637.13 -677.73
110.2 -629.59 -675.7
138.33 -635.1 -667.87
145.87 -633.36 -665.84
164.72 -633.07 -667.58
181.83 -634.23 -654.53
196.62 -637.71 -647.57
203.87 -645.54 -633.94
213.15 -651.34 -623.79
229.39 -660.62 -606.68
237.22 -671.93 -578.55
247.08 -679.47 -555.06
257.52 -693.39 -535.92
257.81 -713.11 -499.38
264.77 -719.49 -472.12
264.48 -724.71 -447.47
259.84 -733.41 -419.92
258.1 -749.36 -393.24
251.72 -756.61 -360.76
255.78 -756.9 -336.11
259.26 -751.68 -308.85
249.11 -744.14 -275.5
249.4 -734.28 -243.89
242.44 -731.96 -208.8
231.42 -720.94 -192.27
216.34 -708.76 -169.36
211.41 -701.51 -149.93
206.19 -688.75 -135.72
193.43 -674.83 -108.75
175.74 -660.91 -88.45
171.68 -646.12 -67.57
157.47 -618.57 -51.04
136.59 -570.43 -11.89
122.38 -539.69 1.45
118.61 -540.85 6.96
96.86 -536.21 15.08
84.1 -535.34 14.5
73.37 -532.15 16.53
66.12 -556.22 6.96
61.48 -585.8 -19.43
69.6 -611.9 -23.2
75.4 -631.04 -31.61
84.68 -670.48 -64.09
82.36 -710.21 -98.89
95.12 -715.43 -111.07
111.65 -735.73 -124.99
118.32 -746.46 -140.07
134.85 -738.63 -136.01
146.74 -727.61 -117.74
166.17 -704.41 -104.11
189.95 -674.54 -84.39
199.23 -664.39 -77.43
205.9 -666.71 -89.03
220.98 -660.33 -89.32
231.42 -642.06 -78.3
244.18 -631.91 -76.85
254.62 -642.06 -92.51
259.84 -653.66 -97.44
270.86 -646.41 -102.95
277.82 -642.35 -101.5
277.24 -656.56 -119.48
303.05 -653.66 -127.6
313.2 -656.27 -136.59
316.68 -656.27 -136.59
317.26 -673.09 -151.38
320.45 -683.82 -187.92
339.01 -675.99 -193.43
341.62 -680.63 -197.49
343.36 -690.78 -204.74
338.43 -702.67 -221.27
331.76 -705.28 -243.89
324.22 -719.78 -249.98
324.51 -726.74 -241.57
319 -726.45 -245.05
318.13 -725.87 -231.13
303.63 -729.64 -221.56
288.84 -727.9 -211.41
285.65 -727.03 -192.56
273.76 -727.32 -180.67
250.85 -723.84 -169.94
225.33 -725.58 -156.6
209.38 -726.45 -149.64
189.66 -730.22 -141.52
162.11 -729.35 -135.72
140.36 -724.42 -130.5
119.77 -732.25 -135.14
100.63 -742.98 -148.19
71.63 -736.02 -145.58
55.1 -728.19 -137.75
49.88 -720.07 -124.99
40.31 -712.53 -111.36
27.55 -684.11 -84.68
17.69 -663.81 -71.05
11.02 -653.37 -64.09
-3.19 -645.25 -58.29
-2.61 -632.49 -49.88
-18.27 -622.05 -43.5
-28.71 -619.73 -49.88
-34.8 -615.09 -49.59
-48.14 -607.84 -41.47
-60.61 -594.79 -45.82
-61.48 -592.76 -39.73
-67.57 -586.38 -37.99
-68.44 -562.6 -24.07
-68.73 -545.2 -16.82
-62.06 -535.05 -9.86
-58.87 -517.36 -0.29
-53.36 -479.08 12.47
-44.08 -450.08 19.72
-44.08 -429.2 31.9
-42.63 -401.07 35.09
-42.34 -381.35 42.05
-52.78 -363.66 39.15
-48.72 -355.54 45.82
-53.36 -365.11 35.38
-64.09 -366.56 31.9
-69.02 -365.4 25.52
-70.18 -367.72 24.94
-81.49 -369.75 18.85
-101.79 -368.3 16.82
-109.04 -364.53 17.69
-122.96 -352.35 4.93
-132.53 -359.89 -4.64
-152.25 -354.67 -13.92
-168.2 -343.36 -21.46
-177.77 -336.69 -30.45
-200.1 -328.86 -46.11
-216.34 -310.88 -64.09
-228.52 -302.18 -72.21
-240.12 -291.16 -91.64
-250.56 -289.13 -103.53
-254.62 -287.97 -110.49
-255.78 -290.58 -117.16
-258.68 -294.64 -121.8
-259.26 -303.05 -117.16
-260.42 -308.85 -120.06
-268.54 -292.61 -127.31
-282.75 -286.81 -141.52
-283.91 -267.96 -158.05
-291.74 -256.36 -174.29
-281.3 -287.68 -139.49
-250.27 -326.83 -98.6
-240.7 -325.67 -102.95
-247.37 -313.2 -114.84
-253.75 -303.92 -122.09
-257.52 -287.1 -129.34
-259.84 -274.05 -131.95
-252.01 -257.52 -126.15
-246.21 -251.14 -123.25
-245.05 -243.02 -121.51
-247.37 -229.39 -123.54
-253.75 -225.04 -137.46
-255.49 -220.11 -146.45
-258.68 -225.62 -146.74
-265.93 -219.53 -165.59
-279.27 -223.01 -189.37
-289.42 -223.3 -208.22
-287.1 -209.67 -224.17
-281.3 -191.11 -239.83
-281.88 -180.96 -247.66
-274.05 -165.88 -247.08
-262.45 -146.74 -240.12
-252.01 -121.51 -237.22
-244.47 -120.93 -225.04
-238.38 -122.09 -218.66
-234.32 -117.74 -210.54
-221.85 -116.87 -196.62
-204.45 -116.29 -168.49
-184.73 -120.06 -143.55
-178.93 -130.79 -120.06
-158.34 -145 -102.66
-137.46 -146.16 -83.52
-98.6 -165.01 -50.17
-88.74 -182.12 -32.77
-80.33 -198.65 -22.33
-66.7 -212.28 -9.86
-40.89 -215.18 3.77
-24.36 -231.42 13.63
-20.01 -236.35 11.31
-10.15 -243.6 22.04
9.28 -250.56 18.85
5.8 -269.7 20.88
1.16 -281.88 27.55
9.57 -296.67 28.13
26.1 -306.24 31.32
37.7 -321.03 39.15
43.21 -336.98 49.3
54.81 -348.58 43.79
76.27 -360.18 43.5
94.25 -371.78 45.53
119.48 -378.45 43.21
134.27 -390.63 43.21
149.06 -411.22 40.31
172.26 -421.95 32.48
189.37 -434.42 27.84
194.59 -448.63 28.71
211.99 -458.49 18.85
229.68 -470.96 5.51
239.25 -486.04 1.45
243.31 -494.74 4.35
247.95 -500.54 -15.95
249.4 -515.91 -14.21
261.58 -531.57 -19.14
269.12 -531.86 -28.13
267.38 -545.49 -31.9
272.31 -564.63 -37.99
273.18 -573.91 -45.24
267.96 -584.93 -46.11
266.51 -596.24 -50.46
250.27 -625.53 -59.45
221.56 -659.46 -72.21
201.26 -675.41 -77.43
180.09 -684.11 -80.33
153.7 -687.59 -90.48
138.04 -699.77 -87.29
120.93 -704.41 -92.51
84.39 -716.88 -105.27
53.94 -724.42 -114.55
36.25 -729.64 -121.51
22.91 -738.92 -138.04
6.38 -742.4 -140.65
3.19 -745.3 -140.07
-17.98 -735.73 -143.26
-37.7 -727.32 -142.39
-37.41 -734.57 -147.03
-46.4 -725 -139.78
-63.22 -720.65 -144.13
-73.95 -709.05 -138.33
-79.46 -707.02 -133.4
-90.77 -688.46 -127.31
-99.76 -678.6 -122.67
-107.59 -673.96 -117.16
-116.58 -661.49 -118.9
-128.47 -650.18 -105.27
-130.5 -631.62 -87.58
-129.34 -618.57 -78.88
-124.41 -600.3 -62.64
-109.91 -577.68 -46.4
-98.02 -558.83 -28.71
-93.96 -549.84 -24.65
-87.87 -530.41 -18.27
-65.54 -463.71 16.53
-46.98 -401.07 31.03
-47.85 -323.64 29
-40.89 -247.08 8.41
-36.25 -179.51 -14.79
-30.45 -119.48 -48.43
-29.58 -81.2 -88.74
-25.52 -65.54 -100.05
-14.79 -66.7 -105.27
-12.76 -47.85 -126.73
-10.44 -22.62 -162.4
-7.25 -15.95 -165.88
-11.89 -31.32 -135.43
5.8 -46.98 -119.48
11.31 -78.59 -74.24
19.72 -199.52 6.09
10.73 -322.77 45.82
-29.87 -373.81 49.01
-37.12 -405.71 42.92
10.15 -473.86 34.51
-29 -533.31 13.05
-46.98 -582.61 -18.85
-18.27 -606.97 -30.16
29.29 -610.74 -10.73
76.56 -606.97 -20.01
46.4 -625.53 -23.78
35.09 -625.24 -28.42
-6.09 -615.38 -25.81
-3.77 -600.3 -8.99
10.15 -575.07 10.15
17.98 -556.51 9.86
24.65 -552.74 12.76
17.4 -569.56 5.8
26.97 -564.05 0.29
11.02 -570.72 2.61
20.59 -567.24 5.51
10.73 -573.62 2.9
-5.22 -576.23 -14.21
-11.31 -599.14 -27.26
-44.37 -603.49 -32.48
-67.28 -568.11 -12.47
9.28 -490.97 31.61
-88.45 -498.8 -2.32
-86.42 -521.13 -0.58
-63.51 -559.7 -20.01
-82.36 -597.4 -50.46
-87.87 -619.15 -64.38
-82.94 -652.5 -87.29
-102.66 -674.25 -121.8
-109.62 -682.08 -132.53
-96.86 -700.93 -160.66
-102.37 -734.28 -219.53
-116.58 -751.39 -291.74
-116 -762.12 -345.68
-106.43 -768.5 -381.06
-87.87 -768.21 -437.9
-80.04 -750.81 -503.44
-85.55 -725.29 -551.58
-91.35 -712.82 -559.41
-89.32 -712.53 -561.44
-112.81 -637.13 -631.33
-143.55 -599.43 -640.32
-174 -592.18 -620.31
-177.48 -592.76 -616.54
-182.41 -581.16 -625.24
-186.47 -563.18 -632.78
-194.59 -573.62 -619.73
-186.76 -611.32 -586.67
-188.21 -635.39 -564.05
-179.51 -651.34 -559.12
-175.45 -655.98 -552.16
-182.41 -655.69 -537.37
-171.97 -681.5 -520.55
-161.24 -696.29 -506.05
-167.33 -696.58 -497.35
-167.62 -696.58 -511.56
-144.42 -705.28 -528.38
-127.02 -721.23 -523.16
-108.17 -740.66 -514.46
-106.43 -727.61 -540.27
-89.32 -722.97 -555.35
-73.08 -729.35 -559.7
-46.4 -735.73 -556.51
-23.49 -744.14 -574.2
-15.66 -728.19 -598.85
-8.99 -716.59 -616.83
5.51 -693.1 -644.38
10.73 -631.91 -696.29
-8.7 -579.13 -715.43
-31.03 -545.78 -726.45
-44.95 -533.6 -726.16
-50.75 -503.73 -734.86
-71.34 -423.98 -734.86
-88.45 -370.33 -728.19
-101.5 -320.45 -714.56
-103.82 -265.64 -702.96
-108.46 -206.19 -680.05
-111.94 -152.25 -638.29
-114.84 -127.89 -621.76
-119.19 -129.63 -616.25
-115.71 -116 -610.74
-107.88 -93.38 -580.29
-104.69 -81.2 -564.34
-94.83 -75.11 -573.04
-88.16 -78.88 -569.85
-82.07 -60.9 -550.13
-64.96 -35.38 -516.49
-55.39 -26.1 -505.47
-49.3 -15.08 -490.39
-33.06 1.45 -463.13
-20.59 3.77 -442.83
-1.45 7.83 -445.73
1.74 10.15 -434.42
9.86 15.95 -434.42
30.16 15.37 -430.36
33.35 11.31 -451.53
37.12 6.09 -472.7
42.05 -6.38 -500.83
41.47 -5.22 -498.51
44.08 -14.79 -506.34
44.95 -18.85 -526.06
44.66 -23.78 -544.04
43.79 -37.12 -565.21
38.28 -53.94 -592.76
21.75 -64.67 -598.27
8.7 -72.21 -615.09
-6.38 -98.89 -634.23
-8.7 -112.52 -646.99
-0.29 -130.5 -675.12
2.9 -166.75 -693.1
14.5 -183.86 -703.25
13.63 -191.11 -700.93
16.24 -192.56 -709.92
16.24 -191.11 -709.34
8.41 -187.34 -706.44
0.87 -187.63 -705.57
-10.15 -189.08 -708.76
-21.46 -177.48 -700.93
-24.07 -169.65 -698.03
-18.85 -170.81 -693.97
-24.36 -167.33 -690.49
-26.68 -173.71 -693.68
-20.88 -178.06 -699.48
-27.55 -173.71 -698.32
-25.23 -179.22 -694.84
-13.34 -194.88 -701.22
-2.32 -194.3 -706.44
11.89 -207.35 -723.55
23.78 -216.34 -720.36
15.66 -208.8 -714.85
-2.32 -203.87 -711.37
0.87 -202.13 -707.31
-3.77 -198.94 -707.6
-29.58 -182.99 -696.29
-28.42 -176.9 -695.71
-14.5 -172.55 -692.23
-4.93 -163.56 -687.59
-13.05 -153.12 -683.53
-7.83 -148.77 -675.12
-12.18 -137.46 -670.48
-9.28 -134.56 -667
-13.92 -131.95 -672.22
-9.57 -131.66 -654.24
-4.06 -118.61 -659.17
-6.67 -117.74 -657.72
-13.63 -125.57 -665.55
-7.54 -129.63 -661.78
-3.19 -128.76 -659.75
-10.44 -135.14 -653.08
-5.8 -133.4 -666.13
-1.45 -142.39 -674.83
-8.41 -155.73 -675.99
-9.28 -167.62 -685.27
3.19 -176.9 -693.97
8.12 -185.31 -698.03
4.64 -197.2 -701.22
0 -214.6 -706.44
2.03 -225.33 -711.66
-7.83 -249.69 -721.52
-14.21 -274.05 -733.7
-10.44 -314.94 -745.01
2.03 -348.87 -745.3
-4.64 -395.85 -756.32
3.19 -440.8 -746.75
36.25 -467.48 -743.85
43.21 -477.63 -746.75
36.83 -485.46 -737.47
33.93 -493 -737.47
33.93 -490.39 -742.11
38.28 -473.57 -741.82
32.77 -446.6 -750.81
24.36 -421.95 -746.17
28.42 -383.67 -750.52
54.23 -340.75 -748.49
47.56 -302.76 -743.27
49.59 -268.25 -735.73
76.27 -214.6 -713.11
78.01 -168.2 -691.36
63.8 -151.67 -680.05
79.17 -135.72 -672.22
83.81 -124.12 -656.56
85.55 -123.25 -641.48
97.15 -115.13 -640.03
109.33 -123.25 -645.54
115.13 -116.87 -638.29
112.81 -103.24 -635.1
116.87 -103.53 -633.36
143.84 -104.4 -617.7
161.82 -108.17 -619.15
162.4 -100.92 -624.95
156.6 -110.49 -630.75
160.08 -126.44 -645.25
168.49 -135.14 -645.83
166.46 -145.87 -663.23
171.1 -165.88 -669.32
169.65 -176.61 -679.47
177.19 -183.57 -678.02
183.86 -193.72 -683.24
181.83 -210.54 -687.88
194.59 -222.72 -700.64
194.3 -236.35 -702.96
188.5 -239.25 -708.76
195.75 -243.31 -715.14
213.44 -263.03 -700.93
220.69 -273.18 -708.76
196.62 -288.84 -722.39
190.24 -304.21 -726.45
194.01 -327.7 -725.87
180.67 -356.41 -742.11
156.89 -374.68 -747.33
150.51 -393.24 -749.07
136.88 -416.73 -751.97
111.94 -432.97 -755.16
86.71 -436.45 -749.07
71.34 -437.03 -745.01
58.29 -428.91 -754
38.86 -410.64 -742.69
28.71 -374.1 -751.68
24.07 -363.66 -748.2
23.49 -361.05 -754.29
27.55 -358.15 -754.87
23.2 -361.05 -754.58
22.04 -350.03 -749.94
26.97 -348.29 -756.03
37.7 -361.34 -756.32
52.49 -363.08 -759.22
69.31 -361.05 -752.26
93.67 -374.68 -750.52
116 -387.15 -750.23
137.17 -388.6 -749.94
159.5 -393.24 -740.66
186.47 -386.86 -731.09
198.65 -374.1 -724.13
207.35 -341.33 -715.14
218.08 -318.13 -709.34
222.43 -301.02 -707.6
225.04 -272.6 -702.67
225.62 -235.19 -686.14
222.43 -197.78 -665.84
209.67 -172.84 -660.62
208.22 -157.47 -647.86
193.43 -142.39 -646.12
187.63 -122.96 -632.78
182.41 -113.97 -629.88
183.57 -105.85 -618.57
172.84 -91.06 -613.35
163.56 -75.69 -594.5
158.92 -67.86 -588.99
153.99 -64.09 -593.63
137.46 -62.64 -597.98
105.85 -60.03 -588.41
87 -58.58 -587.25
70.18 -65.83 -599.72
54.52 -84.1 -613.64
32.48 -96.57 -625.82
13.05 -106.14 -633.65
-30.45 -120.35 -634.52
-46.11 -138.04 -646.12
-62.64 -162.11 -659.17
-77.43 -176.9 -665.26
-85.55 -196.62 -671.93
-78.3 -215.47 -689.62
-76.27 -236.93 -700.35
-83.52 -263.32 -714.85
-75.69 -289.13 -716.3
-72.21 -316.97 -727.03
-71.05 -346.55 -730.22
-79.46 -366.85 -723.26
-78.59 -384.54 -729.64
-72.5 -400.2 -727.9
-82.65 -420.21 -722.39
-84.39 -433.55 -723.26
-73.37 -445.44 -722.97
-76.56 -459.65 -725
-77.14 -477.34 -724.71
-74.82 -491.55 -716.88
-66.12 -498.22 -714.56
-58.58 -519.1 -708.76
-66.41 -530.41 -703.25
-66.41 -545.49 -690.2
-51.04 -558.25 -691.36
-56.26 -574.49 -688.75
-56.26 -589.86 -675.12
-61.77 -609 -663.52
-66.41 -606.68 -659.75
-65.83 -615.09 -658.59
-62.64 -633.07 -648.73
-76.27 -668.16 -614.8
-88.74 -697.74 -557.38
-88.74 -724.71 -523.16
-89.03 -740.95 -489.23
-98.6 -745.01 -447.76
-104.11 -755.45 -403.39
-116.29 -751.97 -376.13
-114.84 -756.61 -365.98
-105.56 -761.83 -381.35
-93.67 -764.73 -407.16
-94.25 -758.64 -426.01
-94.83 -755.16 -448.92
-89.03 -749.07 -479.37
-83.81 -744.43 -485.46
-81.49 -746.17 -485.75
-80.62 -749.65 -469.8
-63.8 -762.99 -453.27
-48.43 -773.14 -429.2
-35.96 -777.78 -407.74
-35.96 -780.68 -407.45
-34.51 -781.26 -426.59
-22.62 -781.26 -445.15
-15.37 -781.26 -452.11
-16.53 -778.07 -454.43
-13.92 -780.68 -457.04
-16.82 -784.45 -460.23
-16.53 -783 -455.01
-23.2 -785.9 -431.81
-23.49 -787.06 -385.99
-26.68 -791.7 -358.15
-34.8 -787.64 -337.27
-36.83 -787.64 -318.13
-36.54 -783 -273.76
-35.67 -770.53 -225.04
-36.54 -762.7 -208.22
-32.48 -765.6 -212.28
-26.39 -767.63 -206.77
-24.36 -771.4 -209.67
-19.72 -771.11 -209.96
-6.67 -790.54 -252.01
22.04 -793.44 -256.65
28.13 -796.92 -267.09
32.48 -800.98 -269.41
40.6 -807.07 -293.77
66.99 -813.45 -315.52
92.22 -814.9 -327.41
162.4 -809.97 -399.33
189.08 -791.99 -433.84
204.16 -773.43 -474.15
196.04 -774.3 -482.27
205.32 -769.08 -493
203.29 -769.66 -490.1
207.93 -757.48 -505.18
209.38 -745.01 -523.74
212.57 -731.09 -553.03
237.51 -707.6 -566.37
236.64 -718.33 -559.41
262.16 -733.7 -515.33
290 -748.78 -452.98
273.76 -767.05 -426.88
278.4 -765.6 -401.07
268.83 -776.04 -376.13
274.34 -771.4 -352.64
271.44 -773.14 -333.21
267.09 -774.88 -306.53
260.42 -775.17 -265.35
239.83 -766.47 -211.99
208.8 -754.29 -162.4
178.35 -750.52 -144.13
156.6 -733.7 -116.87
121.51 -726.45 -103.24
94.83 -720.07 -95.7
73.08 -719.49 -93.38
52.49 -708.47 -74.53
27.26 -691.65 -71.63
22.91 -698.9 -78.88
16.82 -702.67 -89.32
9.86 -698.32 -78.88
3.48 -695.71 -79.17
-4.06 -691.07 -79.46
-19.72 -678.6 -67.86
-35.96 -667.87 -64.96
-43.79 -656.85 -64.67
-44.95 -663.81 -68.15
-51.33 -653.66 -61.77
-55.68 -644.67 -49.59
-51.04 -647.28 -44.08
-39.15 -647.86 -46.98
-43.21 -652.5 -43.79
-57.42 -651.63 -49.59
-61.19 -655.98 -59.74
-64.96 -673.38 -74.24
-64.09 -689.62 -90.48
-56.26 -706.15 -109.91
-82.07 -702.38 -127.89
-86.42 -704.7 -125.57
-85.55 -703.25 -132.82
-87.87 -707.89 -135.14
-88.45 -709.92 -129.05
-84.68 -707.6 -133.4
-84.39 -710.21 -128.18
-95.7 -706.73 -136.3
-95.99 -712.24 -130.79
-100.63 -711.37 -140.65
-100.34 -710.79 -144.42
-108.46 -702.67 -143.84
-101.79 -708.47 -146.16
-110.78 -703.54 -151.96
-117.74 -705.57 -152.54
-120.93 -705.28 -160.37
-126.15 -705.28 -159.79
-125.57 -704.12 -175.74
-123.83 -716.59 -187.92
-118.03 -722.39 -205.32
-118.03 -725.58 -207.35
-120.35 -729.35 -222.14
-127.89 -727.32 -226.49
-132.53 -729.64 -234.9
-135.14 -730.22 -245.92
-131.37 -730.51 -253.46
-127.89 -745.88 -264.19
-117.45 -751.1 -271.73
-105.56 -753.42 -268.83
-93.96 -762.41 -272.02
-90.77 -763.28 -266.8
-84.97 -767.34 -254.62
-54.23 -781.26 -288.26
-25.52 -797.21 -310.3
-38.86 -790.83 -327.7
-18.85 -794.31 -326.25
-30.74 -794.89 -351.19
-5.51 -801.27 -352.06
-28.13 -798.95 -363.95
-13.63 -798.66 -382.8
-15.37 -789.96 -418.76
13.05 -791.41 -446.02
22.33 -790.83 -453.56
29.58 -791.12 -459.65
34.51 -778.36 -495.61
3.77 -761.54 -517.65
-13.34 -726.74 -559.12
-43.5 -733.12 -568.11
-73.37 -716.88 -551.29
-63.22 -725.58 -540.27
-79.17 -731.09 -507.79
-109.04 -691.94 -550.42
-117.16 -709.34 -522
-133.98 -702.09 -510.11
-133.4 -729.93 -453.85
-142.97 -741.24 -358.15
-97.44 -770.53 -385.12
-22.62 -796.05 -340.46
-37.12 -794.02 -363.37
-11.89 -806.2 -375.84
-2.03 -804.75 -374.97
34.22 -805.91 -352.35
29.58 -803.88 -391.5
44.66 -815.77 -366.27
35.09 -807.36 -379.32
41.76 -813.74 -370.91
34.8 -810.84 -401.65
15.37 -803.59 -402.23
-17.11 -798.66 -385.99
-29.87 -792.28 -378.45
-34.22 -791.7 -365.69
-56.26 -788.22 -345.1
-83.52 -776.62 -305.08
-96.28 -772.27 -329.44
-103.24 -767.63 -320.16
-121.51 -752.84 -308.27
-130.21 -752.55 -325.67
-103.53 -768.5 -359.6
-89.03 -775.75 -335.53
-82.07 -777.49 -345.68
-103.82 -769.95 -346.84
-71.05 -781.84 -353.8
-56.55 -787.93 -372.65
-51.91 -789.67 -395.85
-71.05 -776.04 -430.94
-45.53 -784.74 -423.69
6.96 -805.91 -405.13
48.43 -814.32 -385.12
20.01 -808.23 -380.77
52.49 -810.55 -377.29
-29.87 -789.09 -398.17
-38.57 -791.7 -381.93
-111.94 -764.44 -393.53
-114.55 -756.61 -369.17
-131.08 -750.23 -391.21
-155.73 -731.09 -412.67
-160.66 -724.71 -392.08
-176.9 -718.62 -399.04
-188.79 -698.9 -408.32
-184.44 -706.73 -412.96
-184.44 -706.15 -410.64
-185.02 -704.41 -416.15
-191.11 -705.28 -419.05
-173.71 -711.66 -422.24
-170.81 -710.5 -430.65
-177.48 -714.85 -410.93
-171.68 -716.01 -410.64
-178.06 -707.6 -398.75
-195.17 -698.32 -373.52
-203.29 -689.62 -353.51
-226.49 -667.29 -328.86
-223.3 -667.58 -334.66
-237.51 -656.27 -330.02
-234.03 -658.59 -341.91
-239.25 -658.01 -343.07
-238.09 -646.7 -345.68
-254.62 -636.84 -346.26
-251.14 -633.65 -342.78
-256.94 -622.92 -343.36
-273.76 -604.94 -333.79
-280.72 -595.37 -327.99
-281.3 -593.63 -327.7
-289.13 -579.13 -317.84
-288.26 -572.46 -321.9
-290.58 -567.24 -313.49
-286.23 -571.01 -310.88
-292.32 -573.91 -311.75
-291.74 -570.43 -312.91
-285.07 -588.7 -308.27
-278.4 -591.02 -297.83
-273.76 -609.58 -306.82
-259.84 -622.63 -317.55
-256.65 -617.7 -303.63
-270.57 -600.59 -296.67
-273.76 -587.54 -286.52
-275.5 -584.93 -278.69
-277.53 -574.2 -269.12
-281.3 -567.82 -254.91
-281.01 -574.49 -258.1
-278.69 -576.23 -257.81
-272.89 -579.13 -252.01
-271.73 -581.45 -254.62
-272.6 -581.45 -255.2
-271.73 -581.45 -265.64
-269.7 -588.41 -270.28
-273.18 -595.95 -283.04
-271.73 -610.74 -293.19
-263.32 -617.12 -303.05
-251.43 -635.39 -318.42
-229.1 -661.78 -327.7
-214.02 -676.86 -313.78
-194.3 -698.61 -323.35
-178.64 -711.95 -318.42
-170.81 -716.88 -307.11
-158.34 -733.12 -309.43
-146.16 -737.47 -309.14
-126.44 -745.01 -289.42
-115.13 -757.19 -290.87
-117.74 -754 -280.14
-92.8 -763.28 -274.05
-71.34 -772.27 -254.04
-61.19 -771.11 -239.54
-49.01 -776.04 -233.16
-35.38 -777.2 -235.48
-30.45 -778.07 -227.94
-22.04 -774.01 -219.82
-17.4 -778.36 -209.09
-9.28 -777.2 -208.8
-9.28 -780.39 -207.06
-16.24 -774.3 -194.88
-12.47 -769.95 -198.94
-18.85 -764.15 -180.96
-43.79 -751.1 -182.99
-69.89 -741.53 -178.06
-93.09 -722.68 -164.43
-117.45 -718.62 -167.91
-144.42 -691.07 -173.13
-157.18 -679.76 -177.48
-176.61 -670.77 -183.28
-213.15 -640.03 -198.94
-240.41 -614.51 -209.09
-253.46 -596.53 -220.69
-270.57 -566.08 -230.55
-292.61 -533.89 -238.38
-301.02 -513.88 -233.74
-301.6 -508.08 -234.32
-303.05 -488.94 -223.3
-299.86 -473.86 -200.68
-301.02 -477.63 -192.56
-292.9 -490.1 -197.78
-287.68 -492.71 -174.87
-277.24 -502.57 -162.69
-262.16 -506.05 -156.31
-248.24 -515.62 -133.69
-240.12 -516.78 -124.41
-221.56 -523.45 -106.43
-214.6 -534.18 -91.93
-194.3 -532.44 -74.53
-176.32 -532.15 -57.71
-149.93 -536.79 -45.53
-127.6 -540.56 -28.13
-103.24 -536.5 -18.27
-81.78 -546.94 -4.35
-68.44 -556.51 -1.16
-55.39 -562.89 -2.61
-40.31 -567.53 -0.87
-34.51 -575.36 -5.22
-28.13 -586.67 -2.61
-25.23 -592.18 -1.45
-21.75 -603.78 -1.74
-26.97 -606.39 -15.08
-27.26 -605.81 -19.43
-31.03 -609.87 -26.68
-31.9 -622.92 -29.58
-38.57 -623.5 -32.48
-46.11 -623.5 -30.74
-51.62 -627.85 -40.02
-62.35 -626.11 -40.02
-82.94 -620.6 -53.07
-89.9 -618.28 -51.04
-101.21 -617.41 -55.68
-111.36 -608.13 -59.16
-117.16 -599.72 -56.26
-127.02 -597.11 -63.51
-132.53 -597.4 -63.51
-136.59 -591.6 -64.96
-145.87 -590.15 -68.44
-148.19 -579.71 -68.73
-152.25 -586.09 -69.89
-162.4 -584.64 -89.32
-169.94 -579.71 -86.71
-175.74 -578.26 -85.55
-186.76 -576.23 -97.44
-192.27 -570.14 -102.37
-206.48 -568.11 -113.1
-214.02 -566.95 -116.87
-216.92 -562.31 -121.8
-222.72 -559.7 -133.69
-240.12 -562.89 -155.44
-244.76 -562.89 -161.24
-253.46 -562.02 -179.22
-256.94 -566.08 -194.3
-261 -569.56 -197.78
-268.83 -573.04 -212.86
-267.67 -584.06 -228.52
-264.48 -590.15 -236.64
-261 -598.56 -243.31
-258.39 -609 -253.75
-257.81 -616.25 -258.1
-244.76 -622.63 -267.09
-245.34 -631.04 -272.6
-238.96 -639.45 -276.66
-238.67 -644.67 -277.53
-237.51 -647.86 -277.53
-237.22 -643.22 -274.92
-230.26 -651.34 -258.39
-220.69 -643.8 -220.69
-216.63 -637.42 -208.8
-222.43 -643.22 -225.04
-274.92 -567.53 -228.52
-251.14 -609 -223.88
-262.74 -589.57 -220.4
-273.76 -577.1 -249.69
-280.43 -569.85 -249.98
-284.2 -562.31 -241.57
-280.14 -551.58 -223.59
-269.7 -538.53 -198.36
-263.32 -533.31 -168.2
-257.81 -532.44 -152.54
-249.98 -531.57 -149.93
-253.46 -539.4 -149.06
-233.45 -588.7 -166.17
-221.56 -630.46 -202.13
-205.9 -669.61 -262.45
-178.35 -709.92 -290
-163.56 -726.16 -312.33
-150.8 -730.51 -306.82
-155.44 -732.54 -307.69
-141.81 -746.17 -321.03
-133.11 -747.33 -319
-137.17 -747.62 -327.7
-130.5 -744.43 -342.78
-110.2 -759.8 -371.78
-85.84 -770.24 -387.44
-75.4 -773.14 -383.96
-74.24 -771.69 -406.58
-60.32 -769.08 -436.45
-42.34 -753.71 -511.56
-16.53 -706.15 -588.12
-11.02 -667.87 -636.84
-12.76 -650.76 -647.86
-8.12 -629.01 -662.94
-6.38 -605.52 -670.48
-4.64 -592.18 -680.92
-0.87 -580.87 -689.33
0.87 -582.03 -689.62
5.22 -585.22 -695.71
13.34 -582.03 -697.45
27.55 -574.49 -703.54
23.78 -561.15 -708.18
26.1 -558.83 -708.18
32.19 -553.32 -713.69
49.59 -535.92 -720.94
67.28 -533.6 -718.04
74.24 -536.21 -715.43
71.92 -541.14 -719.78
82.36 -541.14 -718.91
87.87 -541.72 -720.65
92.51 -553.9 -713.11
91.06 -556.8 -709.34
78.59 -567.82 -711.95
84.97 -578.26 -706.15
94.25 -579.42 -706.15
86.13 -595.37 -696.29
75.4 -612.19 -686.72
80.33 -628.14 -678.31
94.25 -630.46 -680.34
103.24 -624.95 -672.8
110.2 -624.37 -666.42
121.8 -614.51 -676.57
133.98 -613.06 -674.25
141.52 -608.13 -677.44
146.74 -600.88 -678.31
157.76 -592.76 -682.37
158.63 -591.02 -681.5
161.24 -578.84 -689.33
159.21 -575.36 -691.36
151.09 -564.34 -695.42
147.61 -543.75 -706.15
142.97 -528.96 -718.33
133.98 -514.75 -719.78
115.71 -506.92 -720.36
97.44 -495.61 -725.29
74.53 -488.07 -734.57
42.34 -503.73 -721.52
9.86 -505.18 -718.91
-17.69 -498.8 -725.87
-46.11 -466.9 -720.65
-82.36 -460.52 -716.59
-101.21 -458.2 -702.09
-113.39 -470.09 -689.91
-126.44 -488.36 -682.95
-135.72 -538.24 -648.73
-136.3 -619.44 -600.59
-118.03 -687.01 -539.4
-115.42 -725 -479.66
-108.46 -755.45 -388.89
-92.8 -766.76 -298.41
-87.58 -763.28 -247.95
-87.87 -754.87 -229.1
-86.13 -745.88 -199.81
-86.71 -723.84 -163.85
-87 -707.6 -139.2
-104.69 -706.73 -149.64
-118.61 -679.18 -121.22
-121.8 -635.68 -82.94
-121.22 -610.74 -54.52
-136.3 -592.18 -65.54
-147.9 -568.98 -55.39
-153.7 -552.45 -51.62
-156.31 -547.52 -53.65
-164.14 -541.72 -47.56
-177.19 -528.96 -53.65
-176.61 -523.16 -58.29
-180.38 -518.52 -61.19
-189.95 -517.94 -61.48
-191.69 -515.91 -63.51
-195.75 -507.79 -62.35
-202.42 -502.57 -66.12
-214.6 -488.65 -75.98
-227.07 -481.98 -81.49
-243.6 -478.5 -98.02
-252.88 -458.78 -108.17
-255.2 -448.63 -107.88
-250.56 -442.83 -96.86
-233.45 -433.26 -74.24
-217.21 -415.57 -50.17
-187.34 -411.51 -27.26
-140.07 -408.9 13.05
-86.71 -412.09 45.82
-15.08 -410.06 63.8
72.21 -406.29 78.88
108.75 -412.09 71.63
135.43 -422.24 71.34
154.28 -424.27 66.12
168.78 -429.78 63.8
177.19 -434.13 60.9
190.24 -433.26 55.68
207.64 -431.52 53.65
232.87 -425.72 49.88
266.51 -410.93 35.09
300.15 -402.23 24.94
316.68 -413.25 10.44
327.12 -409.48 -6.09
341.62 -409.77 -12.76
350.9 -403.1 -18.27
350.9 -397.59 -22.91
359.31 -395.27 -28.13
358.73 -395.27 -25.23
354.38 -393.53 -24.65
349.45 -397.88 -11.02
327.12 -403.1 7.54
291.16 -394.11 23.49
272.89 -386.86 29
255.2 -392.37 46.98
228.81 -400.2 50.75
210.25 -388.89 56.26
216.05 -380.48 57.13
218.08 -386.28 51.04
237.8 -383.09 40.02
281.3 -394.11 14.21
311.17 -407.45 8.12
327.41 -412.38 -5.22
343.65 -414.7 -13.05
351.77 -419.05 -24.65
354.96 -419.92 -27.55
360.18 -421.37 -28.13
364.24 -418.76 -34.8
372.65 -414.99 -52.2
369.46 -419.34 -45.82
374.97 -418.76 -48.43
378.16 -421.08 -40.02
373.52 -417.31 -41.47
370.91 -417.31 -35.67
358.44 -412.96 -28.42
350.61 -411.22 -11.6
324.8 -420.5 8.41
292.61 -428.91 20.3
243.02 -436.74 39.15
200.97 -443.12 58.58
153.41 -458.2 58
95.7 -469.8 56.26
72.21 -477.05 62.06
74.53 -475.6 58
69.6 -469.8 62.06
64.67 -463.71 55.1
97.44 -457.04 69.6
146.45 -446.02 60.03
192.56 -441.09 55.97
243.6 -437.03 39.15
291.45 -415.57 11.6
343.07 -404.55 -22.62
367.14 -399.04 -42.63
385.99 -398.75 -55.68
394.11 -394.4 -68.44
408.32 -385.41 -77.72
413.83 -388.02 -89.32
417.31 -391.5 -98.02
423.11 -392.37 -97.15
414.99 -394.11 -94.83
410.64 -394.69 -76.85
404.84 -395.27 -73.95
398.17 -402.52 -68.15
379.61 -412.09 -46.98
361.92 -419.63 -35.09
352.64 -420.21 -22.33
332.34 -427.75 -7.83
302.47 -436.16 19.72
266.51 -437.9 34.51
249.69 -435.29 35.67
215.18 -448.05 48.14
124.12 -466.61 67.86
17.4 -458.49 56.55
-63.8 -432.68 43.5
-100.92 -423.11 23.49
-126.15 -423.98 7.83
-136.59 -424.27 6.67
-113.39 -418.76 23.49
-51.62 -423.98 53.94
40.02 -447.76 76.27
138.62 -450.37 64.38
232.29 -417.6 40.6
309.43 -380.48 10.44
348.87 -378.16 -18.27
366.27 -380.77 -34.8
379.9 -383.09 -44.37
379.32 -381.35 -42.92
374.97 -390.63 -45.82
374.1 -389.76 -37.7
369.75 -385.41 -37.12
350.32 -393.24 -20.88
322.19 -412.09 7.25
279.85 -426.88 27.55
243.31 -446.02 46.69
197.78 -468.06 58.29
125.28 -468.64 66.99
55.97 -461.39 69.02
-15.08 -441.09 58
-72.21 -414.41 36.25
-121.51 -388.89 20.59
-162.69 -361.34 -5.51
-177.19 -339.3 -13.34
-171.68 -321.03 -6.67
-150.8 -319.29 2.61
-114.84 -324.22 31.32
-72.21 -330.31 49.01
-37.41 -348.29 60.03
-8.12 -354.67 73.08
35.38 -363.95 77.72
80.91 -358.44 82.36
140.94 -358.15 75.4
180.38 -358.73 63.8
192.27 -355.54 65.25
201.84 -349.74 63.8
227.07 -349.45 57.42
247.66 -359.6 41.76
259.84 -353.8 49.01
252.3 -352.93 43.79
236.64 -354.09 53.07
192.85 -349.74 68.73
145.29 -343.94 75.11
89.32 -348 76.56
38.28 -356.7 73.37
-8.99 -355.25 65.54
-55.39 -352.93 46.11
-92.8 -347.71 38.86
-116.87 -336.98 20.3
-134.27 -337.85 13.34
-143.84 -332.05 7.54
-152.83 -322.19 8.99
-150.51 -325.67 4.35
-135.43 -336.98 14.79
-117.45 -340.75 24.65
-77.72 -354.67 46.69
-19.43 -372.65 62.35
42.05 -386.28 69.89
85.84 -394.4 80.04
147.03 -406.87 68.73
209.96 -414.7 55.68
254.62 -421.08 40.89
280.14 -426.3 31.03
284.2 -451.82 19.14
276.37 -469.8 24.07
276.95 -492.13 22.62
287.39 -502.28 14.79
278.98 -496.48 22.91
242.15 -507.5 30.45
210.54 -535.05 35.67
162.98 -519.97 49.3
103.82 -508.37 61.48
54.52 -482.27 63.51
16.53 -459.07 68.15
-31.61 -455.3 59.45
-60.9 -452.4 48.43
-60.03 -471.25 42.34
-48.43 -490.97 46.69
-36.83 -525.48 37.12
-26.39 -547.52 30.45
-12.47 -567.53 24.94
-4.06 -589.57 22.04
8.12 -607.26 6.67
18.27 -624.66 4.06
29.29 -640.03 -9.57
51.91 -637.13 -3.48
96.86 -595.66 31.61
131.66 -564.05 40.89
178.64 -521.42 53.94
209.67 -494.16 46.4
215.47 -451.24 60.32
221.85 -411.51 53.07
231.71 -374.68 53.36
237.22 -328.28 40.6
234.61 -303.92 38.57
244.76 -291.45 26.1
252.88 -283.04 22.62
270.28 -276.08 10.15
280.72 -272.31 1.16
295.8 -262.16 -16.53
302.18 -247.66 -26.1
306.82 -232 -33.06
324.8 -223.3 -51.33
343.07 -212.57 -75.11
341.33 -205.9 -75.98
345.97 -204.74 -81.2
354.96 -208.8 -93.67
363.95 -218.95 -92.22
376.13 -231.42 -92.8
380.77 -238.67 -96.28
384.54 -244.76 -104.98
383.96 -244.47 -100.05
376.71 -241.86 -95.41
378.74 -238.38 -102.37
377.29 -235.48 -93.09
372.65 -233.16 -93.09
379.03 -233.16 -100.34
372.65 -232 -97.73
375.55 -233.16 -94.54
372.65 -235.77 -88.16
376.13 -241.86 -86.71
361.92 -243.31 -61.48
340.46 -254.04 -46.4
320.74 -259.84 -26.1
292.03 -269.41 6.96
254.62 -271.73 24.65
227.65 -282.46 43.79
198.07 -299.86 50.46
158.63 -303.92 63.8
130.79 -302.47 66.41
95.12 -309.14 69.31
68.15 -311.17 64.67
46.11 -306.82 69.31
14.21 -306.24 64.09
-21.75 -306.82 53.65
-46.4 -297.54 48.14
-65.25 -300.15 39.44
-78.3 -291.45 39.73
-94.83 -288.26 29.58
-89.32 -288.26 25.52
-89.32 -283.33 31.03
-75.98 -285.07 37.7
-56.26 -288.26 42.34
-19.72 -292.9 53.65
11.31 -303.63 65.54
34.8 -307.11 64.38
64.67 -294.06 66.12
127.31 -282.46 55.97
178.64 -274.05 51.04
199.52 -268.83 46.4
222.72 -257.52 32.48
257.23 -246.79 12.47
275.79 -245.34 5.8
294.06 -238.67 -10.44
313.78 -236.06 -34.22
330.31 -225.91 -40.02
339.88 -228.23 -59.74
359.02 -231.42 -70.18
370.91 -234.03 -77.72
377.29 -231.42 -92.8
391.5 -235.77 -111.36
388.89 -234.9 -119.77
404.84 -238.09 -138.62
418.47 -242.15 -158.05
424.27 -247.66 -169.07
433.84 -256.65 -180.67
431.23 -262.16 -163.27
429.78 -277.82 -144.71
415.28 -299.57 -116.87
388.6 -326.83 -77.14
353.51 -353.51 -20.3
294.64 -385.7 19.43
254.04 -396.72 37.99
227.94 -405.42 50.17
205.32 -417.6 58.58
190.24 -422.82 61.48
172.26 -422.53 62.64
162.98 -434.13 64.96
159.21 -480.82 55.39
139.2 -516.49 56.55
126.15 -545.78 44.08
120.93 -580.58 29.87
118.03 -601.75 17.69
109.33 -608.42 15.66
108.75 -617.12 0
115.71 -634.81 -5.51
126.15 -657.43 -26.68
112.81 -681.79 -54.23
98.89 -702.96 -69.31
78.88 -705.28 -63.22
56.84 -707.6 -69.31
22.04 -712.82 -84.39
-19.14 -713.98 -103.53
-29.58 -721.23 -119.19
-51.62 -761.54 -201.55
-61.77 -760.38 -214.31
-75.98 -749.65 -194.3
-86.71 -747.91 -192.85
-71.92 -740.37 -163.85
-69.89 -727.03 -159.5
-67.28 -733.7 -149.64
-70.18 -729.93 -150.22
-86.71 -733.41 -174
-72.21 -742.69 -176.32
0.58 -755.16 -161.24
210.25 -702.38 -87.87
403.1 -475.02 -90.77
365.98 -420.5 -34.8
272.89 -562.02 -17.11
230.84 -670.77 -62.35
236.06 -680.05 -64.67
224.75 -645.54 -36.83
194.88 -646.41 -35.09
178.64 -662.36 -42.63
146.45 -655.98 -28.71
114.84 -638.29 -8.41
124.41 -619.15 6.09
151.09 -614.8 1.45
130.79 -629.3 -2.61
102.95 -628.72 -1.16
101.21 -617.99 2.61
47.27 -660.04 -31.9
22.04 -649.89 -26.97
-10.15 -618.57 -3.48
-48.72 -559.41 7.54
-84.97 -524.9 11.31
-116 -515.04 -1.45
-124.7 -472.7 5.22
-119.77 -439.64 14.5
-122.96 -422.53 19.72
-123.25 -392.37 22.91
-117.45 -379.03 27.84
-95.41 -361.34 44.08
-77.43 -348.58 46.4
-64.38 -339.88 45.82
-68.44 -335.53 44.95
-74.82 -331.76 47.56
-36.54 -348 62.93
-17.69 -412.38 62.06
-12.47 -448.34 69.02
-14.79 -452.69 58.87
-2.61 -461.39 57.71
10.44 -474.73 61.19
33.35 -478.79 61.48
54.23 -490.97 61.77
69.89 -505.76 58.58
91.06 -503.15 58.87
78.88 -492.13 65.54
50.17 -486.04 60.32
29.58 -494.16 62.93
-1.74 -488.94 50.75
-29 -485.17 45.82
-54.23 -490.97 36.25
-76.27 -509.53 26.97
-90.19 -533.89 3.77
-110.78 -525.48 10.15
-121.8 -521.71 -6.09
-122.09 -513.59 -8.99
-119.19 -516.49 4.06
-105.85 -523.45 3.19
-80.91 -528.09 21.46
-45.53 -539.69 23.78
-6.38 -556.8 32.19
21.46 -563.76 28.13
58.29 -575.07 25.23
80.33 -581.74 27.26
74.24 -605.52 10.44
51.91 -633.65 -4.35
38.86 -661.78 -38.57
33.35 -680.34 -49.88
19.43 -695.71 -65.25
25.81 -705.57 -75.98
61.77 -707.6 -62.93
90.77 -698.32 -56.55
108.75 -687.3 -46.69
113.39 -682.08 -42.34
111.36 -673.96 -33.06
132.24 -665.84 -26.68
161.82 -660.04 -23.2
199.52 -655.69 -39.73
220.98 -660.04 -44.37
224.46 -662.65 -44.08
214.31 -661.49 -42.05
192.56 -656.27 -28.13
151.96 -658.01 -18.85
109.62 -640.61 -8.99
76.27 -633.94 -2.9
41.18 -623.79 -4.64
-0.29 -621.18 -16.24
-55.97 -613.93 -23.49
-106.14 -595.08 -35.09
-133.69 -575.36 -50.17
-164.43 -560.28 -62.93
-191.11 -548.97 -87.87
-207.64 -541.43 -99.47
-203.87 -538.53 -84.68
-185.6 -536.21 -71.05
-173.71 -540.56 -59.45
-160.66 -536.21 -54.52
-160.08 -541.72 -51.62
-138.33 -550.42 -32.77
-106.72 -556.8 -20.3
-68.15 -562.89 0
-37.12 -571.01 13.34
5.8 -578.55 15.37
56.84 -589.28 22.33
101.21 -602.04 16.24
128.18 -623.5 7.25
155.73 -638.29 -6.38
176.03 -655.69 -19.72
198.07 -667.29 -43.5
213.73 -671.93 -54.23
227.65 -675.12 -58.29
232 -677.44 -57.42
215.18 -667.29 -41.47
187.05 -662.94 -32.19
155.44 -651.63 -14.5
111.36 -642.93 3.19
66.41 -621.18 14.21
29.29 -606.97 11.89
-6.67 -586.38 17.69
-42.63 -573.62 14.5
-69.02 -562.6 8.41
-104.98 -546.65 -9.57
-142.1 -529.25 -26.68
-192.27 -519.97 -62.35
-232.58 -509.82 -109.91
-248.53 -512.43 -124.99
-251.14 -530.12 -133.11
-241.86 -553.61 -138.04
-232.29 -590.73 -164.14
-246.21 -607.55 -198.65
-243.6 -604.65 -154.86
-172.26 -479.08 -49.01
-187.63 -486.04 -34.8
-187.92 -489.52 -39.15
-181.54 -539.11 -52.78
-137.75 -497.06 7.54
-111.94 -458.78 25.52
-89.32 -455.59 34.8
-76.27 -450.37 46.69
-71.63 -432.1 45.24
-84.1 -440.51 39.73
-93.67 -449.5 33.06
-93.67 -428.62 36.83
-88.16 -386.57 47.85
-62.64 -378.74 54.23
-49.88 -381.06 58.87
-55.39 -380.19 56.26
-84.39 -388.31 49.88
-123.25 -380.19 24.65
-147.03 -370.91 9.57
-162.98 -371.78 0.87
-173.71 -378.45 -8.7
-182.12 -389.47 -15.08
-181.54 -396.14 -17.69
-192.56 -404.55 -24.36
-205.03 -400.78 -36.25
-205.03 -403.1 -35.38
-200.1 -397.01 -35.09
-205.61 -404.26 -42.05
-214.89 -408.32 -45.53
-204.74 -401.94 -33.93
-199.52 -402.23 -23.2
-190.53 -402.81 -12.18
-171.97 -399.62 3.48
-130.5 -387.15 34.22
-69.89 -379.32 52.49
15.08 -382.51 76.85
111.94 -371.49 79.46
189.66 -357.57 64.38
230.84 -331.18 44.08
253.17 -318.42 35.38
269.12 -305.95 27.84
259.26 -276.66 18.27
264.19 -266.8 20.3
249.69 -273.18 24.65
239.54 -286.52 37.99
217.5 -293.77 51.91
191.11 -302.18 56.26
175.45 -274.05 53.94
145.29 -231.13 49.3
108.17 -197.2 37.12
77.72 -176.61 27.84
38.28 -165.01 18.85
-7.25 -153.41 5.8
-47.56 -145.87 -8.7
-69.89 -145.87 -26.97
-86.42 -140.94 -27.55
-104.4 -131.08 -38.28
-112.52 -120.93 -48.14
-107.88 -124.12 -47.85
-108.17 -127.89 -47.56
-84.1 -117.16 -39.44
-17.4 -111.65 -29.29
13.34 -117.74 -18.56
20.01 -131.37 -8.41
26.39 -141.23 0
48.14 -169.94 24.36
66.41 -203.87 46.11
77.14 -242.44 59.74
87 -293.48 77.14
104.69 -368.59 78.3
111.07 -438.77 78.3
108.46 -455.88 78.59
111.94 -462.55 71.92
114.55 -478.79 74.24
114.55 -488.36 69.31
106.14 -484.59 71.92
110.2 -488.94 70.18
120.06 -491.55 64.38
136.59 -504.6 69.02
164.72 -501.41 62.64
196.91 -489.23 58
231.13 -496.77 46.69
254.04 -499.38 35.96
254.62 -497.06 37.7
243.02 -479.66 46.98
218.95 -463.13 50.75
200.1 -464.87 62.93
168.78 -461.68 69.31
133.11 -452.98 76.27
78.3 -437.9 76.27
28.71 -423.4 72.5
-21.75 -410.93 57.71
-74.24 -373.23 36.25
-109.62 -364.24 32.19
-117.45 -363.95 18.27
-126.73 -363.37 15.37
-132.24 -364.82 15.37
-134.85 -373.23 14.21
-119.19 -386.28 29.58
-99.18 -401.07 38.28
-66.12 -412.96 53.07
12.18 -463.42 64.38
119.77 -525.19 53.94
188.21 -529.83 47.85
204.45 -515.04 41.47
219.24 -511.85 35.38
221.27 -492.13 44.95
187.34 -462.84 59.74
162.11 -458.78 59.74
130.21 -454.43 66.41
95.41 -460.81 70.76
56.26 -454.14 67.57
19.72 -459.07 62.93
-24.07 -446.31 62.35
-51.62 -436.74 54.52
-83.23 -425.14 41.47
-95.7 -414.41 35.09
-111.36 -411.8 26.97
-131.95 -397.59 17.4
-153.99 -387.15 7.25
-165.59 -377 -5.8
-178.93 -368.59 -16.24
-177.19 -362.5 -15.95
-173.71 -361.92 -13.63
-155.44 -364.24 2.9
-140.36 -360.76 14.21
-108.75 -373.23 36.25
-57.71 -411.22 61.48
18.85 -454.72 66.41
98.89 -484.59 64.38
190.82 -493.58 50.17
262.74 -490.39 21.75
309.14 -478.79 5.8
339.59 -460.23 -6.67
341.33 -433.55 -10.44
343.94 -412.09 -5.22
336.69 -400.49 -0.29
314.07 -403.97 21.17
264.19 -412.96 43.21
223.01 -412.96 52.49
184.15 -419.05 68.15
146.16 -426.01 78.01
107.59 -427.17 81.2
55.39 -419.34 71.63
12.18 -419.34 62.93
-26.68 -415.28 55.39
-58.29 -401.36 47.85
-84.97 -380.48 40.31
-96.28 -376.13 33.06
-114.26 -370.33 28.71
-120.35 -361.92 24.65
-129.05 -349.74 20.88
-127.89 -332.34 20.59
-118.9 -328.28 18.56
-107.59 -315.81 18.56
-105.27 -293.77 30.16
-79.75 -284.2 33.06
-65.25 -286.52 36.54
-50.75 -285.94 44.08
-24.94 -285.36 58.29
18.85 -300.73 66.12
56.55 -313.49 71.05
94.83 -330.89 84.1
155.15 -348.58 76.27
213.73 -362.79 61.19
256.36 -374.1 38.86
302.47 -379.03 21.46
353.22 -388.89 -28.42
394.11 -380.77 -55.39
404.26 -363.66 -94.54
420.21 -342.2 -113.97
432.39 -326.54 -133.98
432.1 -309.43 -147.61
427.46 -296.38 -148.19
424.56 -285.36 -142.97
417.89 -272.89 -135.43
398.75 -260.42 -107.59
371.2 -267.38 -69.02
351.19 -273.18 -50.75
343.07 -283.04 -35.09
299.86 -275.5 -4.06
244.47 -303.34 40.02
194.59 -318.13 60.32
151.09 -320.16 65.83
97.44 -304.21 75.4
44.66 -292.32 68.44
1.74 -287.39 51.91
-41.18 -275.21 48.14
-76.85 -242.44 24.07
-94.25 -218.08 6.09
-101.5 -201.84 -7.83
-89.03 -189.95 -13.34
-74.53 -176.03 -4.64
-54.52 -174.58 8.41
-16.82 -179.8 16.53
40.89 -197.78 32.19
74.53 -214.02 35.38
96.86 -218.66 39.73
142.1 -238.96 39.15
185.31 -265.06 38.57
219.24 -280.14 26.97
260.13 -288.26 12.76
318.42 -308.27 -12.18
362.5 -324.8 -48.43
392.95 -331.76 -87.29
416.15 -325.09 -116.87
429.2 -319 -142.68
440.51 -307.4 -156.6
437.03 -298.41 -175.16
437.03 -288.84 -174.29
437.32 -275.5 -176.03
421.08 -255.49 -165.01
411.22 -249.98 -142.39
384.83 -234.61 -102.66
356.99 -221.27 -77.43
329.44 -223.01 -52.49
302.76 -226.78 -31.9
282.17 -227.65 -22.04
255.78 -219.24 7.25
229.68 -220.11 16.82
201.84 -211.7 31.9
167.04 -192.27 25.23
139.2 -176.61 13.34
115.42 -161.82 8.99
102.08 -146.74 4.06
70.47 -131.08 0
50.46 -114.55 -11.89
45.82 -112.81 -17.98
34.8 -116 -19.72
26.97 -110.2 -29.29
24.36 -102.37 -37.12
37.99 -105.27 -31.61
53.65 -113.68 -26.39
62.64 -122.09 -17.4
77.43 -131.37 -15.37
98.02 -134.85 -12.18
108.75 -149.64 -2.03
118.03 -153.12 3.19
141.81 -164.72 6.67
160.66 -181.25 9.86
173.71 -184.73 4.93
188.79 -185.89 5.22
202.71 -182.7 1.74
211.41 -182.99 -6.96
214.89 -180.38 -9.86
198.94 -167.33 -19.43
192.27 -154.86 -22.04
199.23 -154.57 -24.94
201.55 -151.96 -25.81
199.52 -157.18 -16.24
211.12 -174.87 0.58
208.51 -193.72 5.8
209.09 -209.67 15.08
211.7 -237.51 28.42
228.52 -258.1 26.39
246.5 -277.82 28.42
274.63 -310.01 19.14
299.57 -329.44 8.99
304.21 -327.12 9.57
291.16 -332.63 12.47
292.32 -336.4 18.27
292.03 -331.18 11.31
287.39 -321.9 14.79
281.59 -321.32 17.4
267.09 -337.85 34.8
236.64 -356.99 45.53
209.09 -370.04 61.19
188.5 -367.14 62.35
160.95 -360.76 73.95
136.3 -338.43 71.92
113.97 -306.82 68.15
75.4 -255.2 55.39
77.14 -212.28 40.89
74.82 -213.15 39.73
56.26 -192.27 35.38
57.42 -181.54 26.97
133.11 -249.11 48.43
134.56 -287.39 60.32
165.3 -347.13 65.54
144.42 -361.92 70.47
126.73 -370.33 73.37
129.63 -396.72 74.24
192.27 -396.14 54.81
300.15 -379.32 6.09
365.98 -352.64 -50.46
420.79 -314.65 -128.18
432.68 -287.1 -152.54
428.91 -297.54 -136.3
437.03 -305.95 -144.13
433.26 -296.67 -145.29
444.86 -281.01 -176.61
448.05 -288.84 -196.33
457.91 -290.58 -214.02
463.42 -261.58 -274.34
463.71 -253.75 -329.15
466.32 -266.22 -352.64
465.16 -254.62 -375.84
438.48 -225.62 -394.11
435.87 -230.55 -409.19
446.89 -257.81 -419.34
459.07 -295.51 -419.63
472.12 -356.99 -399.33
476.18 -408.61 -421.95
479.66 -436.16 -432.39
471.83 -479.95 -423.4
474.44 -526.35 -391.21
481.4 -512.43 -332.92
489.81 -510.69 -347.13
484.88 -503.15 -347.13
486.33 -506.34 -351.48
491.55 -493 -365.4
496.48 -449.79 -370.04
494.45 -397.3 -356.12
487.78 -336.4 -347.13
475.02 -297.83 -329.15
469.8 -294.93 -291.16
472.41 -285.65 -264.19
465.16 -267.67 -260.42
454.72 -253.75 -269.41
450.37 -242.73 -267.38
454.43 -252.88 -279.56
465.45 -281.3 -303.05
479.66 -331.76 -315.81
481.4 -322.77 -319.58
468.93 -310.3 -327.12
465.74 -289.71 -314.07
463.13 -283.91 -250.56
443.99 -300.15 -163.56
400.2 -346.55 -85.55
412.09 -359.6 -92.8
420.79 -369.75 -98.6
423.69 -383.38 -96.86
420.5 -378.74 -108.46
414.99 -359.89 -99.76
418.18 -326.54 -113.39
406 -277.24 -124.12
377.58 -219.53 -102.08
335.82 -197.49 -77.14
307.69 -193.72 -51.91
272.6 -177.19 -40.89
254.62 -187.63 -24.36
232.58 -187.92 -10.73
231.13 -183.28 -14.5
237.51 -184.15 -11.31
209.96 -219.53 27.55
180.67 -234.9 47.27
169.07 -250.85 50.75
169.36 -248.82 53.94
164.43 -252.3 51.33
165.3 -251.72 54.81
124.99 -252.3 70.76
80.91 -256.65 69.89
51.91 -265.93 63.8
11.02 -282.75 65.54
-18.56 -317.84 68.15
-39.73 -348.58 56.84
-58 -338.14 50.46
-64.09 -315.23 49.59
-58.58 -297.25 50.46
-46.98 -287.39 48.43
-35.38 -289.71 51.33
-22.91 -296.09 57.71
11.02 -309.72 66.99
46.11 -313.78 73.66
109.91 -314.07 71.92
181.83 -326.25 62.06
234.9 -344.81 52.2
262.74 -351.19 38.86
287.68 -339.3 29.58
293.48 -319.87 20.59
291.16 -317.26 19.43
312.62 -317.26 2.9
306.53 -314.36 3.48
296.09 -303.05 9.86
276.37 -291.74 24.65
245.63 -281.01 34.8
205.03 -263.32 48.43
161.53 -240.12 51.04
128.47 -219.82 42.05
95.41 -203.87 39.73
61.77 -181.83 25.23
27.84 -151.67 6.96
5.51 -133.69 -17.98
-22.04 -120.93 -31.9
-24.65 -113.97 -40.89
-27.84 -116.87 -36.54
-21.75 -115.71 -33.93
-6.67 -127.31 -29
20.01 -149.93 5.51
63.51 -184.15 30.45
105.27 -213.73 37.99
140.65 -242.73 50.75
178.64 -264.48 45.82
216.92 -298.41 42.92
247.08 -322.77 36.54
265.06 -337.27 35.96
268.83 -340.75 34.51
277.53 -352.64 31.9
284.49 -365.4 27.84
294.06 -380.48 29
286.23 -374.39 30.74
272.89 -374.97 40.31
261.29 -381.35 39.73
255.78 -374.68 48.72
226.49 -348.87 54.23
193.72 -296.38 54.23
174.29 -271.15 59.16
158.34 -264.77 60.03
142.68 -249.4 53.65
120.93 -235.48 50.46
91.93 -219.24 49.59
67.28 -202.42 40.02
42.34 -187.34 30.45
27.26 -171.39 14.79
13.34 -167.33 6.96
10.73 -161.53 17.69
2.61 -159.5 9.28
2.9 -167.91 11.31
1.45 -161.82 10.44
12.47 -163.27 14.5
20.01 -160.08 13.05
29.87 -163.27 17.69
60.32 -167.33 23.49
91.64 -186.47 33.93
129.92 -204.74 40.89
158.34 -219.82 37.41
181.54 -234.9 37.7
200.1 -255.2 43.21
217.5 -282.75 42.92
236.06 -306.53 45.53
244.18 -324.51 40.02
265.35 -335.82 39.73
267.96 -346.26 34.22
274.34 -336.98 29.29
278.98 -322.77 27.26
278.69 -309.43 26.1
269.41 -290.29 35.09
247.95 -291.74 36.83
215.76 -276.95 47.56
185.02 -266.22 56.55
154.28 -254.04 62.06
130.5 -236.35 55.39
107.88 -222.72 46.4
93.38 -208.8 47.56
75.98 -199.81 40.02
57.71 -185.02 26.1
37.99 -180.67 22.04
33.64 -174.58 22.33
25.52 -171.1 11.31
31.32 -163.27 7.83
19.72 -167.91 11.89
22.33 -157.47 8.7
26.39 -155.44 4.93
27.55 -148.48 3.77
29 -148.77 9.28
41.76 -163.85 17.11
40.89 -170.81 17.69
35.96 -180.09 21.75
27.55 -181.54 19.72
10.44 -201.84 33.64
-33.35 -258.39 45.53
-86.71 -311.46 33.35
-113.68 -317.26 31.9
-124.12 -323.93 22.91
-135.72 -329.73 19.14
-135.14 -343.36 17.4
-117.16 -351.48 36.25
-100.05 -369.17 40.89
-117.16 -394.4 36.25
-117.45 -421.37 34.51
-98.02 -418.76 40.89
-89.32 -439.93 39.73
-87.29 -448.34 40.6
-81.78 -452.11 43.79
-81.49 -463.13 42.63
-75.98 -486.91 37.41
-91.64 -503.44 17.69
-103.82 -505.18 13.92
-118.9 -487.78 20.01
-113.1 -485.75 19.14
-124.99 -490.1 -1.74
-128.76 -488.65 2.9
-112.23 -490.97 17.98
-94.54 -494.45 26.97
-84.39 -506.34 27.26
-83.52 -513.88 26.39
-73.95 -515.91 28.71
-49.59 -528.09 31.9
-43.79 -527.22 30.74
-40.31 -506.92 44.95
-36.25 -477.63 56.84
-42.05 -433.84 62.64
-80.33 -408.9 50.75
-108.17 -399.91 36.25
-110.78 -355.83 41.18
-111.36 -338.72 34.51
-139.49 -341.91 17.69
-214.02 -327.41 -39.73
-187.92 -290.58 -20.3
-195.17 -279.85 -38.86
-211.7 -281.59 -51.62
-215.18 -302.76 -52.49
-215.47 -302.18 -55.39
-215.47 -290 -54.23
-217.21 -294.64 -51.62
-223.59 -286.52 -66.7
-221.27 -276.37 -64.38
-225.04 -271.73 -67.86
-232.87 -269.12 -87.58
-234.03 -240.99 -94.54
-216.63 -198.94 -95.41
-189.95 -194.59 -61.48
-171.97 -185.6 -66.41
-174.87 -175.74 -73.66
-182.12 -187.63 -75.98
-188.21 -200.1 -80.04
-198.07 -196.04 -83.81
-196.33 -186.76 -87.58
-196.91 -181.25 -94.25
-197.2 -181.54 -90.48
-193.14 -181.83 -96.28
-186.18 -182.12 -77.14
-171.68 -168.49 -90.48
-177.19 -164.72 -81.49
-169.36 -156.31 -88.45
-175.45 -145 -101.21
-183.86 -147.32 -107.59
-176.32 -135.43 -97.15
-162.4 -137.46 -93.96
-160.37 -140.07 -87
-132.53 -147.32 -54.81
-94.54 -163.85 -13.34
-59.45 -239.54 47.27
149.64 -206.77 29
152.25 -228.81 53.65
162.69 -241.57 41.18
156.6 -253.17 54.23
160.95 -249.4 49.88
160.37 -245.63 48.72
148.19 -246.79 50.75
126.73 -243.6 61.19
97.15 -245.63 57.71
49.59 -257.81 58.58
6.96 -266.51 61.77
-16.82 -268.25 53.94
-51.33 -269.99 43.79
-71.92 -270.86 37.99
-80.33 -275.21 34.51
-80.91 -279.85 30.45
-106.72 -275.21 19.72
-115.42 -294.06 22.91
-120.06 -308.56 26.39
-111.36 -325.67 34.22
-97.73 -326.25 39.44
-94.25 -328.28 42.63
-85.55 -328.57 45.82
-85.84 -425.72 44.08
-99.76 -478.5 28.71
-93.67 -518.81 18.56
-103.24 -546.36 5.8
-111.94 -567.24 -14.21
-117.74 -575.36 -18.27
-117.74 -578.26 -23.2
-115.13 -563.18 -9.28
-98.6 -550.13 8.99
-85.26 -537.66 30.16
-51.62 -522 41.47
-46.11 -508.08 48.72
-42.92 -491.84 46.11
-47.27 -450.95 60.9
-38.57 -394.4 68.73
-43.21 -348.87 62.64
-46.11 -314.94 55.39
-34.8 -261 37.7
-22.62 -198.36 23.78
-21.75 -158.34 4.93
-30.45 -123.25 -29.58
-39.73 -72.5 -74.82
-51.62 -23.49 -147.9
-57.71 0 -197.78
-73.08 5.8 -226.2
-90.48 8.41 -260.42
-96.28 4.06 -291.45
-107.59 11.6 -325.96
-115.42 3.19 -360.18
-124.12 2.32 -388.89
-118.9 -2.03 -424.85
-113.68 -6.09 -435.87
-120.06 -1.45 -416.44
-123.54 -15.37 -425.43
-132.82 -16.24 -423.98
-135.72 -18.85 -415.86
-136.59 -23.2 -408.03
-142.1 -20.01 -404.26
-139.2 -22.04 -398.46
-131.66 -18.56 -387.15
-131.95 -14.79 -387.15
-120.93 -6.96 -397.01
-104.11 -3.77 -395.56
-83.23 3.48 -326.25
-80.04 2.9 -301.6
-78.88 5.22 -358.15
-77.72 6.38 -384.54
-74.82 11.02 -359.89
-67.57 5.8 -323.35
-74.53 3.77 -328.57
-81.78 7.83 -319.58
-80.62 4.64 -294.35
-78.01 6.09 -281.3
-90.48 10.44 -316.97
-100.05 14.21 -338.72
-111.36 5.22 -353.51
-122.96 4.06 -381.35
-136.3 -18.85 -446.31
-135.14 -36.54 -482.27
-128.18 -35.38 -475.6
-122.67 -25.81 -435.87
-108.46 -16.82 -435
-95.41 -11.6 -443.7
-80.04 -8.7 -436.74
-74.53 0.58 -411.8
-61.77 11.6 -401.07
-63.8 -6.96 -458.2
-71.05 -30.16 -511.27
-75.98 -31.03 -503.73
-92.22 -25.81 -487.49
-88.74 -50.17 -539.69
-71.05 -76.56 -584.35
-83.81 -98.89 -602.91
-102.95 -103.82 -597.69
-110.2 -93.67 -582.32
-110.49 -97.15 -592.76
-111.94 -99.18 -584.06
-113.68 -75.69 -551.29
-100.34 -39.73 -506.34
-73.37 -17.69 -473.86
-52.2 5.22 -431.23
-26.97 18.56 -363.08
-8.99 12.47 -276.37
-5.8 -6.38 -200.1
2.03 -23.2 -156.6
23.78 -44.08 -115.13
35.09 -81.2 -65.25
31.03 -123.54 -19.43
26.97 -183.28 16.82
17.69 -219.82 39.15
19.43 -251.43 48.14
11.31 -318.71 61.48
-3.48 -369.46 62.64
-21.75 -390.34 65.25
-33.93 -438.19 58.87
-65.54 -497.93 34.8
-75.69 -503.44 29.58
-75.98 -468.06 43.79
-73.08 -451.53 39.15
-73.08 -422.53 46.98
-60.03 -366.85 47.85
-37.41 -285.65 51.04
-5.8 -218.66 37.7
-8.7 -182.99 12.47
-17.4 -133.4 -22.91
-26.1 -58.58 -89.32
-42.92 -35.38 -143.84
-57.71 -25.23 -165.59
-77.72 -22.04 -192.27
-101.79 -21.46 -216.05
-117.45 -25.23 -224.46
-140.65 -27.55 -229.1
-157.18 -37.99 -238.09
-162.69 -40.6 -252.88
-174 -45.24 -272.6
-180.38 -46.4 -269.99
-185.6 -48.72 -287.97
-187.05 -48.14 -290.87
-187.63 -50.17 -292.32
-188.79 -54.52 -315.23
-195.17 -58.58 -336.69
-201.84 -64.96 -361.63
-222.14 -77.43 -399.33
-220.11 -91.06 -437.61
-220.11 -103.24 -453.27
-219.53 -114.55 -476.18
-211.7 -112.52 -478.79
-204.74 -109.91 -479.08
-188.79 -98.02 -483.72
-182.12 -89.03 -465.74
-167.33 -65.54 -450.66
-159.5 -55.68 -438.77
-156.6 -54.23 -433.26
-153.12 -52.2 -426.88
-151.09 -48.14 -412.67
-157.76 -49.59 -417.02
-159.21 -52.2 -417.02
-171.1 -58.29 -406.29
-193.72 -68.44 -388.89
-211.12 -81.2 -362.21
-227.94 -95.99 -309.72
-234.9 -118.03 -264.19
-250.85 -136.3 -243.6
-251.43 -159.79 -208.51
-257.23 -209.67 -168.78
-259.26 -258.1 -131.95
-247.37 -285.36 -104.11
-233.74 -321.32 -76.56
-222.14 -353.51 -64.38
-217.21 -375.26 -50.75
-202.42 -399.33 -41.18
-196.33 -444.86 -42.63
-183.57 -479.95 -40.6
-176.03 -487.49 -40.02
-159.21 -484.88 -19.14
-139.49 -501.7 -11.89
-133.11 -516.78 -4.64
-112.52 -512.14 8.7
-94.54 -495.61 28.42
-70.76 -466.32 39.73
-55.68 -429.78 50.46
-48.14 -419.63 52.49
-51.62 -423.11 49.01
-54.23 -409.19 42.05
-63.22 -397.3 45.24
-80.91 -392.08 41.47
-102.66 -391.79 23.2
-118.61 -366.85 20.88
-128.76 -323.64 15.66
-142.39 -287.1 -6.96
-159.79 -253.46 -24.94
-172.55 -219.82 -51.91
-158.92 -149.64 -79.46
-161.53 -97.44 -138.91
-166.46 -76.85 -183.28
-181.25 -64.38 -232.87
-196.33 -61.19 -263.03
-199.52 -62.06 -295.22
-200.97 -55.97 -319.58
-209.67 -60.03 -343.07
-211.12 -69.6 -368.3
-218.37 -73.95 -391.21
-218.37 -80.33 -409.48
-223.88 -88.16 -427.17
-223.59 -96.86 -448.05
-224.75 -97.73 -450.66
-226.2 -97.15 -449.5
-228.81 -95.12 -450.37
-221.27 -93.09 -430.94
-223.3 -92.51 -420.79
-225.04 -97.15 -412.96
-218.66 -84.97 -411.8
-210.83 -78.88 -420.79
-211.7 -83.23 -425.72
-210.25 -87 -432.1
-215.47 -88.74 -430.36
-214.6 -91.64 -417.89
-218.08 -81.78 -411.51
-208.8 -74.82 -403.1
-203.29 -71.63 -401.36
-200.39 -67.57 -413.83
-199.23 -69.02 -428.91
-194.01 -75.69 -449.21
-185.6 -75.4 -470.96
-177.48 -73.66 -481.98
-172.26 -63.51 -469.22
-169.36 -56.55 -455.88
-165.88 -55.68 -465.74
-163.56 -53.94 -467.48
-155.44 -44.95 -462.55
-139.78 -40.89 -466.61
-124.41 -40.31 -472.7
-111.94 -34.51 -486.04
-105.27 -31.9 -486.62
-86.71 -30.45 -508.37
-75.4 -42.05 -524.9
-73.08 -47.85 -541.14
-69.6 -49.3 -533.31
-71.63 -39.15 -528.38
-73.95 -37.99 -512.72
-68.73 -33.93 -518.23
-60.9 -22.04 -502.28
-55.68 -14.5 -481.11
-54.52 -7.25 -461.1
-53.65 -11.6 -461.68
-51.91 -7.54 -461.1
-55.97 -5.51 -437.32
-58.87 4.64 -406.87
-66.7 3.19 -406.29
-79.46 2.32 -419.34
-86.13 -4.93 -425.14
-91.93 -8.41 -398.46
-100.34 -4.93 -373.81
-98.89 -1.45 -354.09
-108.75 -8.41 -350.9
-113.97 -11.89 -324.51
-129.05 -43.21 -182.7
-88.16 -50.75 -109.04
-145.58 -106.72 -122.09
-120.93 -89.03 -118.32
-120.93 -114.26 -80.62
-119.77 -116.87 -85.26
-111.94 -92.22 -117.45
-88.45 -41.76 -177.19
-82.65 -28.13 -194.3
-70.47 -21.46 -201.84
-68.15 -15.95 -217.5
-55.1 -8.12 -218.95
-52.2 -6.96 -226.2
-58.87 2.61 -236.35
-74.53 -14.5 -238.38
-94.83 -23.49 -220.11
-80.91 -28.71 -189.37
-96.57 -60.9 -146.45
-93.96 -75.11 -111.36
-80.04 -93.09 -73.66
-82.65 -120.35 -54.81
-82.36 -133.4 -44.66
-89.32 -143.55 -32.48
-82.36 -162.4 -23.2
-74.82 -151.96 -22.62
-88.74 -168.2 -17.4
-100.05 -176.32 -18.27
-100.34 -168.78 -20.59
-86.13 -166.46 -25.81
-116 -171.97 -31.03
-109.33 -153.99 -31.32
-111.65 -154.86 -39.15
-141.23 -173.42 -48.72
-170.81 -202.71 -55.1
-192.27 -202.42 -76.27
-203 -189.37 -86.42
-209.96 -186.76 -97.15
-198.94 -171.1 -106.72
-194.59 -157.47 -110.78
-179.22 -121.22 -131.66
-178.64 -101.21 -164.72
-187.92 -78.01 -222.72
-197.78 -82.65 -234.9
-205.32 -83.23 -253.75
-214.89 -83.23 -270.86
-212.28 -84.68 -258.68
-205.03 -85.55 -240.99
-205.32 -82.65 -237.51
-200.1 -83.52 -243.02
-203.29 -85.26 -238.09
-207.64 -83.23 -235.19
-198.65 -80.62 -241.57
-195.75 -79.75 -248.24
-195.46 -75.69 -251.72
-189.95 -79.17 -237.8
-190.53 -86.71 -227.36
-188.21 -84.97 -212.28
-191.4 -94.54 -204.74
-193.72 -101.21 -197.78
-188.79 -97.15 -195.17
-177.48 -87.87 -188.79
-176.61 -73.66 -201.84
-163.85 -68.73 -203.87
-155.73 -64.09 -190.53
-150.8 -73.66 -180.38
-154.86 -75.69 -174.58
-149.06 -70.18 -169.94
-140.36 -66.41 -168.49
-143.84 -75.98 -152.54
-147.03 -89.03 -135.72
-139.78 -83.52 -142.68
-133.11 -68.44 -157.76
-124.7 -61.19 -161.82
-121.22 -56.26 -160.08
-110.2 -51.62 -167.91
-111.65 -43.21 -185.89
